0.00003153402654487455771884835541
0.00003594195317428854283300215485
0.00001054947386568217284744981265
0.00001929670145695920291489116362
0.00003833225025365648223245604515
0.00001366401307158080785107538538
0.00002914194916040741292182642675
0.00005140528553296469575857937067
0.00003942474370243959616433682832
0.00002092927289826568992250129180
0.00003269384138609263434140328685
0.00003064951840822268547206591811
0.00004858984444068598130205850666
0.00004768487295967996025419045970
0.00002454732236242347148275425841
0.00003593497291079645234799542138
0.00001097719184943632315626549653
0.00003627137861046489827476809523
0.000009543443317633559036475247368
0.00003032109336419647824241596027
0.00003957923798452408878760260956
0.00003693287357788102435335913832
0.00002570429606867107879861841611
0.00004775611844534073953765815549
0.00002191145104978346753770673789
0.00004666300221071509791796081315
0.00002341785430621805251676312406
0.00005002616530514993631062746914
0.00003133635156413629582327419190
0.00003010078104471766679774004969
0.00004800604237772400521773487329
0.00001538010469136689916795636995
0.00003864587525756320592674757346
0.00004733276613851427141549436808
0.00003030352716129385110740959306
0.00002253574955671415159189102024
0.00005003766053961072799810212282
0.00002224865559184287511814556997
0.00002891151616592965168238244420
0.00003818273236053407215411409421
0.00003110215980964133900731254836
0.00004382566385578002451406850085
0.00005085772907874964553978803743
0.00004163542731300729663564037554
0.00001993424401761289006159510498
0.00001097720080233545490588310104
0.00004074532197659997332275360167
0.00001097719253363937183303483981
0.00001689653775119983998003094236
0.00003337806700956718752952957243
0.00001682686519118028966039353246
0.00005115053216070065144017385913
0.00003493411961660615937218765067
0.00003491588690750301772985030131
0.00003159696926229881835303054826
0.00003878367911284498734686066817
0.00003530830859361396338147821318
0.00001244098596042420234220195840
0.00002065988158240282285990755620
0.00004307456166559689125697578538
0.000009543440066853998428255831096
0.00002043808608949116287065665561
0.00003723118619120322991082704098
0.00004046594228651142217785114144
0.00003772824023587957208291711788
0.00003668304995576291916915948883
0.00004163542465895490809041905678
0.00001828862817038764114270233478
0.00003150509921131548220281264675
0.00002967536483593898925967703955
0.00004496723074658960954126011794
0.00001696025909770054833887576593
0.00001004452878560159330550331678
0.00004270511301546386859106164200
0.00003768816402960403477425127354
0.00003737491365852977785870153545
0.00001477749786379887276549641372
0.00004163542644341618153933872854
0.00003545979372949796877060349098
0.00001366989136914153252864344110
0.00005190223667234588552121577377
0.00002744510070770343398626108870
0.00001723018132171647334942400371
0.00002994662420450992465086819848
0.00004163542680616616323825374411
0.00003326224511988964307159312534
0.00003966076183155290707647163565
0.00002467834270983289723568737033
0.00003432382447445883053131474536
0.00002587600481386327087392987444
0.00002994198335725801415410728997
0.00001949866608616262287439121703
0.00003967879380412667956261867127
0.00001783412860972126055494982498
0.00003380330262890043897017664320
0.00001984850333669235219250515233
0.00001344262439623676620019731939
0.00004144286098866664384672346698
0.00004765473815066877793128270385
0.00002293689934076558314043915344
0.00001694256662936986884269681392
0.00002674258378149026083847116694
0.00001310724799500957144972859666
0.00002702116625171053809766363938
0.00003296459937710626461233434374
0.00002818139014329904145614122234
0.00001392695347728564779902184741
0.00003917799500598362912137188282
0.00003670106302261603364160488923
0.00004668966626910609663679718749
0.00004100734127270800203852184415
0.00003660540535396997500895035108
0.00004074221691412521759249017767
0.00004026095175673397027743329103
0.00002186984302525171582681865336
0.00004138305919200132430002549714
0.00001215601263613860796081001254
0.00004658944302068856265847361305
0.00004039043156114465762038745522
0.00004955306873667282253793317309
0.00004688363202248759128138981493
0.00001097719278876804462244143426
0.00002165183958203740367765660130
0.00003961966870322011940812749447
0.00001255771520757150308710535441
0.00001920441578242330349536205232
0.00004331609922503067837126720270
0.00001711333870938737159482869304
0.00004406596817477977772328229694
0.00004087016021630226129938999079
0.00004519446468349054653842241517
0.00004801589268039704191351184967
0.00004842719285401069139811830348
0.00004107142960688160874883707655
0.00001245916206838885395457477461
0.00004058912418175364164793292682
0.00003241967319148550685057674791
0.00004645502641660254042850334584
0.00001497385996704336150336559376
0.00003529852342692192305781745759
0.00004260703245767716586204839383
0.00003092528635915931068717618930
0.00004653899775948015139432828890
0.00003667976807927082025476235269
0.00004329430298352938105815301631
0.00001094603997551650935453329722
0.00004194881211727561648031272165
0.00002943982810412346406089385957
0.00002400647447633434844044596198
0.00001452258475037755232988921577
0.00002723917050299057768425565084
0.00004860129579829388262850640237
0.00003524617454611836860244957776
0.00003028456864080162397534738435
0.00003573914853298873420565909871
0.00004021098099885944022364348313
0.00004768909147940241648420426949
0.00002934602055481401595562297690
0.00003588574997956427503698254562
0.00004837492808696390737491817482
0.00004991406847941287681119189253
0.00004582128877370309626726827520
0.00004702213667018228922579950565
0.00004303772608954415601806347364
0.00004196315609326527209506793718
0.00004794731788009663498875458597
0.00003644332679789429285168685899
0.00002707467632516808758295800686
0.00002829558371120993065538718324
0.00003726181170168749864498418714
0.00002962606237083496734273601178
0.00003753729344957328032117002902
0.00004512341326405142077375534758
0.00002408752697514217977885594608
0.00002286925709041470589158219058
0.00004121856144281925421527926104
0.00002110152679512320337750833907
0.00003894063139481108714025416241
0.00001605846906090265163343673914
0.00002170177843896584909719102918
0.00003904019522613159764327139701
0.00004158669098800815410436826208
0.00003760959817379051212155033678
0.00003623479503877360418793178034
0.00004709608254788393107979896114
0.000009893090333621016774662742033
0.00003078994057041292316409019746
0.00002526952660740047007095613759
0.00004163542707066676908663747320
0.00003024953224562826026203783725
0.00004283433280860600665530811548
0.00003130279401713534532026038085
0.00003499788996831508579615640640
0.00003531463150337476050142240616
0.00004596834906858800078085562538
0.00003292163388064848090661469768
0.00003321582495716270893038458208
